steps = [0.0, 10000.0, 20000.0, 30000.0, 40000.0, 50000.0, 60000.0, 70000.0];
result = [0.9017328335394496, 0.9144999826635619, 0.9155408728784848, 0.9116261057638049, 0.9251562324608672, 0.9252821081725328, 0.9280026891469888, 0.9490132967592808];
