steps = [0.0, 10000.0, 20000.0, 30000.0];
result = [0.9017328335394496, 0.9144999826635619, 0.9155408728784848, 0.9116261057638049];
