steps = [0.0, 10000.0];
result = [0.8940743146671984, 0.9211099894784675];
