steps = [0.0, 10000.0, 20000.0, 30000.0, 40000.0, 50000.0, 60000.0, 70000.0, 80000.0, 90000.0];
result = [0.46764547242337867, 0.6075998151928187, 0.7453553513197835, 0.8617753989354018, 0.8940059147866057, 0.8801804202149304, 0.8713105953089427, 0.8810769272342068, 0.859719875061997, 0.8900543033428523];
